conformer_0, 0, 0.658112, 0.603107, 0.603279, 0.658097, 0.658092, 0.658109, 0.602742, 0.663081, 0.602744, 0.660639, 0.97396, 0.602737, 0.661964, 4.6054e-05, 0.661151, 0.661961, 0.968934, 0.602748, 0.602768, 0.595853, 0.660668, 0.602739, 0.0199458, 0.660651, 0.66199, 0.597408, 0.660643, 0.603268, 0.661176, 0.595838, 0.0105119, 0.597406, 0.597429, 0.663094, 0.975631, 0.603084, 0.602762, 0.595861, 0.661942, 0.0199626, 0.975625, 0.661967, 0.66062, 0.603268, 0.661159, 0.975614, 0.658113, 0.658106, 0.603249, 0.595844, 0.603089, 0.975613, 0.597413, 0.0104905, 0.661181, 0.65809, 0.656409, 4.4473e-05, 0.595851, 0.603278, 0.66307, 0.603239, 0.975606, 0.66116, 0.97394, 0.660665, 0.975609, 0.603086, 0.597413, 0.658088, 0.660625, 0.0105101, 0.6031, 0.0105166, 0.603271, 0.595847, 0.656406, 0.661969, 0.661964, 0.597432, 0.656408, 0.010485, 0.0105088, 0.656425, 0.658117, 0.660628, 0.597413, 0.603082, 0.658095, 0.0104888, 0.660652, 0.0105081, 0.975649, 0.975646, 0.656412, 0.661974, 0.0105064, 0.598956, 0.59585
conformer_1, 0.658112, 0, 0.423327, 0.818479, 4.84545e-05, 4.02407e-05, 5.50192e-05, 0.819117, 0.674716, 0.819137, 0.691002, 0.600842, 0.819109, 0.688983, 0.658135, 0.0097141, 0.688962, 0.58721, 0.819116, 0.819124, 0.423018, 0.691004, 0.819127, 0.643622, 0.691014, 0.688959, 0.808456, 0.690988, 0.818466, 0.00973623, 0.422993, 0.655901, 0.808463, 0.808457, 0.674719, 0.603095, 0.423341, 0.819139, 0.423021, 0.688961, 0.643616, 0.60309, 0.68897, 0.691005, 0.818452, 0.00969559, 0.603063, 5.17527e-05, 5.13291e-05, 0.818473, 0.423009, 0.423352, 0.603081, 0.808447, 0.655896, 0.00972457, 4.7395e-05, 0.0114122, 0.658122, 0.423001, 0.818456, 0.674725, 0.81843, 0.603078, 0.00972103, 0.600822, 0.691028, 0.603066, 0.423361, 0.808459, 6.04732e-05, 0.69098, 0.655899, 0.423317, 0.655882, 0.81847, 0.422989, 0.0114091, 0.688973, 0.688952, 0.808463, 0.0114138, 0.655908, 0.655893, 0.011414, 4.43246e-05, 0.691024, 0.808439, 0.423345, 5.57354e-05, 0.655893, 0.691009, 0.655883, 0.603101, 0.603112, 0.0113863, 0.688956, 0.655889, 0.42449, 0.422992
conformer_2, 0.603107, 0.423327, 0, 0.691039, 0.423334, 0.423331, 0.423308, 0.688978, 0.808475, 0.689001, 0.818465, 0.655893, 0.688972, 0.819147, 0.603128, 0.422981, 0.819128, 0.643612, 0.68898, 0.68898, 0.0097342, 0.818491, 0.688993, 0.587233, 0.818478, 0.819144, 0.674744, 0.818468, 0.691047, 0.422995, 0.00973909, 0.600868, 0.674743, 0.674737, 0.808468, 0.658129, 5.39694e-05, 0.689006, 0.00973895, 0.819132, 0.587237, 0.658128, 0.819154, 0.818473, 0.691016, 0.422991, 0.658093, 0.423352, 0.423314, 0.691036, 0.00973597, 6.5549e-05, 0.658107, 0.674736, 0.600858, 0.422993, 0.423307, 0.424467, 0.603123, 0.00973422, 0.691026, 0.808474, 0.691011, 0.658108, 0.42299, 0.655879, 0.818495, 0.658108, 6.02493e-05, 0.674736, 0.423307, 0.818443, 0.60086, 6.59938e-05, 0.60085, 0.691049, 0.00974291, 0.424481, 0.819141, 0.819126, 0.674757, 0.424476, 0.600864, 0.600868, 0.424463, 0.423299, 0.818486, 0.674736, 6.89457e-05, 0.423315, 0.600868, 0.818476, 0.600857, 0.658121, 0.658136, 0.424461, 0.819139, 0.600864, 0.0114195, 0.00973777
conformer_3, 0.603279, 0.818479, 0.691039, 0, 0.818473, 0.818483, 0.818491, 0.0071007, 0.427258, 0.007107, 0.420087, 0.664562, 0.00710702, 0.424666, 0.603285, 0.814663, 0.424662, 0.666022, 0.00708118, 0.00710888, 0.686258, 0.420132, 0.00710185, 0.60607, 0.420094, 0.424695, 0.0209777, 0.420118, 6.20261e-05, 0.814675, 0.686291, 0.606149, 0.0209607, 0.0209884, 0.427239, 0.660636, 0.691028, 0.00708388, 0.686296, 0.424673, 0.606092, 0.660639, 0.424697, 0.420104, 5.20397e-05, 0.81469, 0.660658, 0.818492, 0.818487, 6.59166e-05, 0.686287, 0.690995, 0.660619, 0.0209751, 0.606133, 0.814694, 0.818477, 0.814079, 0.603265, 0.686296, 4.68941e-05, 0.427243, 7.01706e-05, 0.660632, 0.814679, 0.664562, 0.420103, 0.660639, 0.691034, 0.0209859, 0.818494, 0.420083, 0.606127, 0.691033, 0.606153, 5.8044e-05, 0.686267, 0.81411, 0.424667, 0.424675, 0.0209468, 0.814099, 0.606116, 0.606133, 0.81409, 0.818481, 0.420096, 0.0209804, 0.69102, 0.818484, 0.606138, 0.420099, 0.606139, 0.660655, 0.660652, 0.814088, 0.424692, 0.606102, 0.685107, 0.68628
conformer_4, 0.658097, 4.84545e-05, 0.423334, 0.818473, 0, 5.1998e-05, 6.42219e-05, 0.819112, 0.674706, 0.819132, 0.690992, 0.600848, 0.819104, 0.688972, 0.65812, 0.00972111, 0.688951, 0.587217, 0.819111, 0.819118, 0.423025, 0.690993, 0.819121, 0.643607, 0.691003, 0.688949, 0.808451, 0.690978, 0.818461, 0.00974327, 0.422999, 0.655886, 0.808458, 0.808452, 0.674709, 0.603102, 0.423347, 0.819134, 0.423028, 0.688951, 0.643601, 0.603097, 0.688959, 0.690994, 0.818447, 0.00970256, 0.60307, 6.689e-05, 5.54763e-05, 0.818468, 0.423015, 0.423358, 0.603087, 0.808442, 0.655881, 0.00973166, 7.34264e-05, 0.0114102, 0.658107, 0.423007, 0.818451, 0.674715, 0.818425, 0.603084, 0.00972803, 0.600828, 0.691018, 0.603073, 0.423368, 0.808454, 6.30083e-05, 0.69097, 0.655883, 0.423324, 0.655867, 0.818465, 0.422995, 0.011407, 0.688962, 0.688941, 0.808458, 0.0114117, 0.655892, 0.655878, 0.011412, 7.2886e-05, 0.691013, 0.808434, 0.423352, 3.30204e-05, 0.655878, 0.690998, 0.655868, 0.603107, 0.603119, 0.0113844, 0.688945, 0.655874, 0.424497, 0.422998
conformer_5, 0.658092, 4.02407e-05, 0.423331, 0.818483, 5.1998e-05, 0, 6.89045e-05, 0.819122, 0.674721, 0.819142, 0.691006, 0.600867, 0.819114, 0.688987, 0.658115, 0.0097356, 0.688966, 0.587236, 0.819121, 0.819128, 0.423022, 0.691008, 0.819131, 0.643602, 0.691018, 0.688964, 0.80846, 0.690993, 0.818471, 0.00975774, 0.422997, 0.655881, 0.808468, 0.808462, 0.674724, 0.603121, 0.423345, 0.819144, 0.423025, 0.688965, 0.643595, 0.603116, 0.688974, 0.691009, 0.818457, 0.00971708, 0.603089, 6.71135e-05, 6.15076e-05, 0.818478, 0.423013, 0.423356, 0.603106, 0.808452, 0.655876, 0.00974611, 5.27609e-05, 0.0114143, 0.658102, 0.423005, 0.818461, 0.67473, 0.818435, 0.603103, 0.00974248, 0.600847, 0.691032, 0.603092, 0.423365, 0.808464, 6.41124e-05, 0.690985, 0.655878, 0.423322, 0.655862, 0.818475, 0.422993, 0.0114111, 0.688977, 0.688956, 0.808468, 0.0114158, 0.655887, 0.655873, 0.0114161, 6.18034e-05, 0.691028, 0.808444, 0.42335, 5.29049e-05, 0.655873, 0.691013, 0.655863, 0.603126, 0.603138, 0.0113884, 0.68896, 0.655869, 0.424495, 0.422995
conformer_6, 0.658109, 5.50192e-05, 0.423308, 0.818491, 6.42219e-05, 6.89045e-05, 0, 0.819129, 0.674744, 0.81915, 0.691029, 0.600848, 0.819122, 0.68901, 0.658132, 0.00971509, 0.688989, 0.587215, 0.819129, 0.819136, 0.422999, 0.69103, 0.819139, 0.643618, 0.69104, 0.688986, 0.808468, 0.691015, 0.818479, 0.00973719, 0.422974, 0.655898, 0.808476, 0.80847, 0.674746, 0.603102, 0.423322, 0.819152, 0.423002, 0.688988, 0.643612, 0.603097, 0.688997, 0.691032, 0.818465, 0.00969646, 0.60307, 8.24818e-05, 3.15665e-05, 0.818486, 0.42299, 0.423333, 0.603087, 0.80846, 0.655893, 0.00972555, 4.71126e-05, 0.0114142, 0.65812, 0.422982, 0.818469, 0.674752, 0.818443, 0.603084, 0.00972199, 0.600828, 0.691055, 0.603073, 0.423342, 0.808472, 4.05995e-05, 0.691007, 0.655895, 0.423298, 0.655879, 0.818483, 0.422969, 0.0114112, 0.689, 0.688978, 0.808476, 0.0114159, 0.655904, 0.65589, 0.0114161, 6.14868e-05, 0.691051, 0.808451, 0.423326, 5.55533e-05, 0.65589, 0.691035, 0.655879, 0.603107, 0.603119, 0.0113884, 0.688983, 0.655886, 0.424471, 0.422972
conformer_7, 0.602742, 0.819117, 0.688978, 0.0071007, 0.819112, 0.819122, 0.819129, 0, 0.431827, 4.67079e-05, 0.424652, 0.665806, 5.12641e-05, 0.429161, 0.602748, 0.815315, 0.429157, 0.667296, 5.12875e-05, 5.28718e-05, 0.684183, 0.424697, 6.16613e-05, 0.605453, 0.424659, 0.429189, 0.0207821, 0.424683, 0.00714068, 0.815327, 0.684216, 0.605514, 0.0207586, 0.0207885, 0.431808, 0.661958, 0.688968, 4.25996e-05, 0.684221, 0.429168, 0.605475, 0.661961, 0.429192, 0.424669, 0.00709557, 0.815342, 0.66198, 0.81913, 0.819125, 0.00709525, 0.684213, 0.688935, 0.661942, 0.0207749, 0.605499, 0.815346, 0.819115, 0.814699, 0.602728, 0.684222, 0.00711493, 0.431812, 0.00713617, 0.661954, 0.815331, 0.665806, 0.424668, 0.661961, 0.688973, 0.0207839, 0.819133, 0.424647, 0.605493, 0.688973, 0.605519, 0.00712026, 0.684193, 0.814729, 0.429162, 0.42917, 0.02075, 0.814718, 0.605481, 0.605499, 0.814709, 0.819119, 0.424661, 0.0207916, 0.688959, 0.819122, 0.605504, 0.424664, 0.605505, 0.661977, 0.661974, 0.814707, 0.429187, 0.605468, 0.682986, 0.684205
conformer_8, 0.663081, 0.674716, 0.808475, 0.427258, 0.674706, 0.674721, 0.674744, 0.431827, 0, 0.431825, 0.0209704, 0.60024, 0.43182, 0.0207857, 0.663092, 0.669975, 0.0207654, 0.599652, 0.431821, 0.431836, 0.804769, 0.0209548, 0.431821, 0.667873, 0.0209757, 0.0207683, 0.43353, 0.0209574, 0.42722, 0.669978, 0.804786, 0.666996, 0.433546, 0.433546, 4.92521e-05, 0.597386, 0.808473, 0.431823, 0.804804, 0.0207708, 0.667898, 0.597396, 0.0207868, 0.020979, 0.427248, 0.67, 0.597408, 0.674718, 0.674735, 0.427256, 0.804789, 0.80845, 0.597381, 0.43353, 0.666981, 0.670001, 0.67473, 0.668859, 0.663061, 0.804794, 0.427242, 3.98989e-05, 0.427214, 0.597387, 0.669987, 0.600233, 0.0209872, 0.597385, 0.80849, 0.433551, 0.674752, 0.0209678, 0.666979, 0.808462, 0.666993, 0.427228, 0.804761, 0.668887, 0.0207882, 0.0207646, 0.433525, 0.668877, 0.666965, 0.666976, 0.668872, 0.674736, 0.0209891, 0.433511, 0.80847, 0.67473, 0.666974, 0.0209829, 0.666969, 0.597425, 0.597415, 0.668875, 0.0207722, 0.666945, 0.804236, 0.804773
conformer_9, 0.602744, 0.819137, 0.689001, 0.007107, 0.819132, 0.819142, 0.81915, 4.67079e-05, 0.431825, 0, 0.424649, 0.665819, 5.22325e-05, 0.429158, 0.60275, 0.815335, 0.429154, 0.66731, 6.30109e-05, 5.53666e-05, 0.684205, 0.424694, 4.78094e-05, 0.605456, 0.424656, 0.429187, 0.0208039, 0.42468, 0.00714698, 0.815347, 0.684239, 0.605516, 0.0207804, 0.0208104, 0.431807, 0.661971, 0.68899, 5.2303e-05, 0.684244, 0.429165, 0.605478, 0.661975, 0.429189, 0.424666, 0.0071021, 0.815363, 0.661993, 0.819151, 0.819146, 0.00710177, 0.684235, 0.688958, 0.661955, 0.0207968, 0.605501, 0.815366, 0.819135, 0.814719, 0.60273, 0.684244, 0.0071214, 0.431811, 0.00714269, 0.661968, 0.815351, 0.665819, 0.424666, 0.661974, 0.688996, 0.0208058, 0.819153, 0.424645, 0.605495, 0.688995, 0.605521, 0.00712657, 0.684215, 0.814749, 0.429159, 0.429167, 0.0207719, 0.814738, 0.605483, 0.605501, 0.814729, 0.81914, 0.424659, 0.0208134, 0.688981, 0.819142, 0.605506, 0.424661, 0.605507, 0.661991, 0.661987, 0.814728, 0.429184, 0.60547, 0.683008, 0.684228
conformer_10, 0.660639, 0.691002, 0.818465, 0.420087, 0.690992, 0.691006, 0.691029, 0.424652, 0.0209704, 0.424649, 0, 0.606101, 0.424644, 0.00708115, 0.660649, 0.686259, 0.0070782, 0.606065, 0.424647, 0.424661, 0.814637, 6.93523e-05, 0.424645, 0.665997, 5.12485e-05, 0.00710681, 0.427211, 5.62796e-05, 0.42005, 0.686261, 0.814654, 0.664587, 0.427226, 0.427228, 0.0209632, 0.603238, 0.818462, 0.424648, 0.814672, 0.0070848, 0.666022, 0.603249, 0.00710809, 6.49258e-05, 0.420078, 0.686284, 0.603261, 0.691004, 0.691021, 0.420084, 0.814658, 0.818439, 0.603234, 0.427212, 0.664573, 0.686285, 0.691015, 0.685075, 0.660619, 0.814662, 0.420071, 0.0209585, 0.420044, 0.60324, 0.686271, 0.606094, 6.17946e-05, 0.603238, 0.818479, 0.427232, 0.691037, 3.78859e-05, 0.664571, 0.818452, 0.664586, 0.420057, 0.81463, 0.685102, 0.00708797, 0.00710051, 0.427205, 0.685092, 0.664556, 0.664567, 0.685087, 0.691022, 4.76144e-05, 0.427193, 0.818459, 0.691015, 0.664566, 6.10305e-05, 0.664561, 0.603278, 0.603267, 0.68509, 0.00710976, 0.664537, 0.814074, 0.814642
conformer_11, 0.97396, 0.600842, 0.655893, 0.664562, 0.600848, 0.600867, 0.600848, 0.665806, 0.60024, 0.665819, 0.606101, 0, 0.665802, 0.605494, 0.973979, 0.593566, 0.605477, 0.0177585, 0.665785, 0.665786, 0.658894, 0.606105, 0.665793, 0.967107, 0.606093, 0.605471, 0.666962, 0.606097, 0.664565, 0.59353, 0.658911, 0.972161, 0.66697, 0.666955, 0.600223, 0.010524, 0.655905, 0.665804, 0.65891, 0.605494, 0.967113, 0.0105088, 0.605486, 0.606114, 0.664552, 0.593585, 0.0104799, 0.600868, 0.600861, 0.664574, 0.658914, 0.655887, 0.0105383, 0.666951, 0.97215, 0.593547, 0.600846, 0.596552, 0.973957, 0.658907, 0.664533, 0.600252, 0.664545, 0.0104936, 0.593567, 4.65546e-05, 0.606108, 0.0104999, 0.655917, 0.666975, 0.600874, 0.606082, 0.972153, 0.655889, 0.972152, 0.664565, 0.658899, 0.596589, 0.605473, 0.605475, 0.666946, 0.596581, 0.972146, 0.972154, 0.596554, 0.600845, 0.606132, 0.66695, 0.655905, 0.600857, 0.972161, 0.606095, 0.972132, 0.0105271, 0.0105134, 0.596577, 0.605477, 0.972126, 0.654097, 0.65889
conformer_12, 0.602737, 0.819109, 0.688972, 0.00710702, 0.819104, 0.819114, 0.819122, 5.12641e-05, 0.43182, 5.22325e-05, 0.424644, 0.665802, 0, 0.429153, 0.602743, 0.815307, 0.429149, 0.667292, 6.32407e-05, 4.18481e-05, 0.684177, 0.42469, 6.50302e-05, 0.605448, 0.424651, 0.429182, 0.0207911, 0.424676, 0.00714679, 0.815319, 0.68421, 0.605509, 0.0207675, 0.0207976, 0.431801, 0.661955, 0.688961, 5.83741e-05, 0.684215, 0.42916, 0.60547, 0.661958, 0.429184, 0.424661, 0.00710183, 0.815335, 0.661977, 0.819123, 0.819118, 0.0071017, 0.684207, 0.688929, 0.661938, 0.0207838, 0.605493, 0.815339, 0.819107, 0.814691, 0.602722, 0.684216, 0.00712116, 0.431805, 0.00714254, 0.661951, 0.815323, 0.665802, 0.424661, 0.661958, 0.688967, 0.0207929, 0.819125, 0.42464, 0.605487, 0.688967, 0.605514, 0.00712652, 0.684187, 0.814721, 0.429154, 0.429162, 0.020759, 0.814711, 0.605476, 0.605493, 0.814702, 0.819112, 0.424654, 0.0208006, 0.688953, 0.819114, 0.605499, 0.424657, 0.605499, 0.661974, 0.66197, 0.8147, 0.429179, 0.605463, 0.68298, 0.6842
conformer_13, 0.661964, 0.688983, 0.819147, 0.424666, 0.688972, 0.688987, 0.68901, 0.429161, 0.0207857, 0.429158, 0.00708115, 0.605494, 0.429153, 0, 0.661974, 0.684226, 5.00644e-05, 0.605476, 0.429156, 0.42917, 0.815333, 0.00708217, 0.429153, 0.667275, 0.00710019, 5.01319e-05, 0.431795, 0.0070731, 0.424629, 0.684228, 0.81535, 0.665835, 0.431811, 0.431812, 0.0207848, 0.602729, 0.819145, 0.429157, 0.815368, 4.73223e-05, 0.6673, 0.602739, 6.95281e-05, 0.0070817, 0.424657, 0.684251, 0.602751, 0.688985, 0.689002, 0.424663, 0.815354, 0.819122, 0.602725, 0.431796, 0.665821, 0.684252, 0.688996, 0.682995, 0.661944, 0.815358, 0.42465, 0.0207804, 0.424623, 0.60273, 0.684238, 0.605487, 0.00708985, 0.602728, 0.819162, 0.431816, 0.689018, 0.00708013, 0.665818, 0.819135, 0.665833, 0.424636, 0.815326, 0.683022, 5.83463e-05, 3.63969e-05, 0.431789, 0.683012, 0.665804, 0.665815, 0.683007, 0.689003, 0.00709254, 0.431777, 0.819142, 0.688996, 0.665814, 0.00708504, 0.665808, 0.602769, 0.602757, 0.68301, 4.99734e-05, 0.665784, 0.814738, 0.815337
conformer_14, 4.6054e-05, 0.658135, 0.603128, 0.603285, 0.65812, 0.658115, 0.658132, 0.602748, 0.663092, 0.60275, 0.660649, 0.973979, 0.602743, 0.661974, 0, 0.661174, 0.661971, 0.968954, 0.602754, 0.602775, 0.595874, 0.660677, 0.602745, 0.019977, 0.660661, 0.662, 0.597415, 0.660652, 0.603275, 0.6612, 0.595859, 0.0105179, 0.597414, 0.597436, 0.663104, 0.97565, 0.603105, 0.602769, 0.595882, 0.661951, 0.0199938, 0.975644, 0.661976, 0.66063, 0.603274, 0.661183, 0.975633, 0.658137, 0.65813, 0.603256, 0.595865, 0.60311, 0.975633, 0.59742, 0.0104964, 0.661204, 0.658114, 0.656432, 6.53377e-05, 0.595872, 0.603285, 0.663081, 0.603245, 0.975626, 0.661183, 0.973959, 0.660675, 0.975628, 0.603107, 0.59742, 0.658112, 0.660635, 0.0105162, 0.603121, 0.0105227, 0.603277, 0.595869, 0.65643, 0.661979, 0.661974, 0.59744, 0.656431, 0.010491, 0.0105147, 0.656449, 0.658141, 0.660638, 0.59742, 0.603103, 0.658118, 0.0104949, 0.660662, 0.0105141, 0.975669, 0.975665, 0.656436, 0.661984, 0.0105125, 0.598977, 0.595871
conformer_15, 0.661151, 0.0097141, 0.422981, 0.814663, 0.00972111, 0.0097356, 0.00971509, 0.815315, 0.669975, 0.815335, 0.686259, 0.593566, 0.815307, 0.684226, 0.661174, 0, 0.684204, 0.579914, 0.815314, 0.815321, 0.422657, 0.68626, 0.815324, 0.646672, 0.68627, 0.684202, 0.804761, 0.686245, 0.814651, 6.99556e-05, 0.422633, 0.658888, 0.804768, 0.804762, 0.669977, 0.595875, 0.422995, 0.815337, 0.42266, 0.684204, 0.646666, 0.59587, 0.684212, 0.686262, 0.814636, 4.50851e-05, 0.595843, 0.00971931, 0.00971944, 0.814658, 0.422649, 0.423005, 0.59586, 0.804752, 0.658883, 6.18805e-05, 0.00972384, 0.00776259, 0.661161, 0.42264, 0.814641, 0.669983, 0.814615, 0.595857, 4.30128e-05, 0.593546, 0.686285, 0.595846, 0.423015, 0.804765, 0.00974669, 0.686237, 0.658885, 0.422971, 0.658869, 0.814655, 0.422628, 0.00778187, 0.684215, 0.684194, 0.804768, 0.00777743, 0.658894, 0.65888, 0.00775946, 0.00972621, 0.686281, 0.804744, 0.422999, 0.00973885, 0.65888, 0.686265, 0.65887, 0.595881, 0.595892, 0.0077515, 0.684198, 0.658875, 0.423994, 0.422631
conformer_16, 0.661961, 0.688962, 0.819128, 0.424662, 0.688951, 0.688966, 0.688989, 0.429157, 0.0207654, 0.429154, 0.0070782, 0.605477, 0.429149, 5.00644e-05, 0.661971, 0.684204, 0, 0.605459, 0.429152, 0.429166, 0.815314, 0.00707937, 0.42915, 0.667271, 0.00709724, 5.26156e-05, 0.431791, 0.0070701, 0.424625, 0.684207, 0.815331, 0.665831, 0.431806, 0.431808, 0.0207644, 0.602712, 0.819126, 0.429153, 0.815349, 4.06455e-05, 0.667296, 0.602722, 5.5806e-05, 0.00707878, 0.424653, 0.68423, 0.602734, 0.688964, 0.688981, 0.424659, 0.815335, 0.819103, 0.602708, 0.431791, 0.665817, 0.68423, 0.688974, 0.682974, 0.661941, 0.815339, 0.424646, 0.0207601, 0.424619, 0.602713, 0.684216, 0.60547, 0.00708715, 0.602711, 0.819143, 0.431812, 0.688997, 0.00707713, 0.665815, 0.819116, 0.66583, 0.424632, 0.815307, 0.683001, 4.79867e-05, 4.42929e-05, 0.431785, 0.682991, 0.6658, 0.665811, 0.682986, 0.688982, 0.00708971, 0.431773, 0.819123, 0.688975, 0.66581, 0.00708221, 0.665805, 0.602752, 0.60274, 0.682989, 3.95352e-05, 0.665781, 0.814719, 0.815319
conformer_17, 0.968934, 0.58721, 0.643612, 0.666022, 0.587217, 0.587236, 0.587215, 0.667296, 0.599652, 0.66731, 0.606065, 0.0177585, 0.667292, 0.605476, 0.968954, 0.579914, 0.605459, 0, 0.667276, 0.667277, 0.646678, 0.606068, 0.667284, 0.961721, 0.606057, 0.605452, 0.667889, 0.60606, 0.666025, 0.579878, 0.646694, 0.967123, 0.667898, 0.667883, 0.599635, 0.0199647, 0.643624, 0.667295, 0.646694, 0.605476, 0.961727, 0.0199727, 0.605468, 0.606078, 0.666012, 0.579933, 0.0199239, 0.587236, 0.587229, 0.666035, 0.646698, 0.643607, 0.0199646, 0.667879, 0.967113, 0.579895, 0.587214, 0.583025, 0.968932, 0.646691, 0.665994, 0.599663, 0.666005, 0.0199489, 0.579915, 0.0177456, 0.606073, 0.019944, 0.643637, 0.667902, 0.587241, 0.606045, 0.967115, 0.643608, 0.967114, 0.666025, 0.646682, 0.583062, 0.605455, 0.605456, 0.667874, 0.583054, 0.967109, 0.967116, 0.583027, 0.587213, 0.606096, 0.667877, 0.643625, 0.587225, 0.967123, 0.606058, 0.967095, 0.0199636, 0.0199838, 0.583049, 0.605459, 0.967088, 0.64195, 0.646674
conformer_18, 0.602748, 0.819116, 0.68898, 0.00708118, 0.819111, 0.819121, 0.819129, 5.12875e-05, 0.431821, 6.30109e-05, 0.424647, 0.665785, 6.32407e-05, 0.429156, 0.602754, 0.815314, 0.429152, 0.667276, 0, 5.05852e-05, 0.684184, 0.424692, 4.32288e-05, 0.605459, 0.424654, 0.429185, 0.0207808, 0.424678, 0.00712123, 0.815326, 0.684218, 0.60552, 0.0207574, 0.0207873, 0.431803, 0.661937, 0.688969, 4.42009e-05, 0.684223, 0.429163, 0.605481, 0.661941, 0.429187, 0.424664, 0.00707618, 0.815341, 0.661959, 0.819129, 0.819124, 0.00707592, 0.684214, 0.688936, 0.661921, 0.0207737, 0.605504, 0.815345, 0.819114, 0.814698, 0.602733, 0.684223, 0.00709537, 0.431807, 0.00711677, 0.661934, 0.81533, 0.665786, 0.424663, 0.66194, 0.688974, 0.0207828, 0.819132, 0.424642, 0.605498, 0.688974, 0.605525, 0.00710093, 0.684194, 0.814728, 0.429157, 0.429165, 0.0207488, 0.814718, 0.605487, 0.605505, 0.814708, 0.819118, 0.424656, 0.0207904, 0.68896, 0.819121, 0.60551, 0.424659, 0.60551, 0.661957, 0.661953, 0.814707, 0.429182, 0.605474, 0.682987, 0.684207
conformer_19, 0.602768, 0.819124, 0.68898, 0.00710888, 0.819118, 0.819128, 0.819136, 5.28718e-05, 0.431836, 5.53666e-05, 0.424661, 0.665786, 4.18481e-05, 0.42917, 0.602775, 0.815321, 0.429166, 0.667277, 5.05852e-05, 0, 0.684185, 0.424706, 6.10094e-05, 0.605479, 0.424668, 0.429199, 0.0207929, 0.424692, 0.00714886, 0.815333, 0.684218, 0.60554, 0.0207694, 0.0207994, 0.431818, 0.661939, 0.688969, 5.21182e-05, 0.684223, 0.429177, 0.605501, 0.661942, 0.429201, 0.424678, 0.00710384, 0.815349, 0.661961, 0.819137, 0.819132, 0.00710376, 0.684215, 0.688937, 0.661922, 0.0207857, 0.605525, 0.815353, 0.819121, 0.814705, 0.602754, 0.684224, 0.00712305, 0.431822, 0.00714461, 0.661935, 0.815337, 0.665787, 0.424678, 0.661942, 0.688975, 0.0207948, 0.819139, 0.424657, 0.605519, 0.688974, 0.605545, 0.00712858, 0.684195, 0.814736, 0.429171, 0.429179, 0.0207608, 0.814725, 0.605508, 0.605525, 0.814716, 0.819126, 0.424671, 0.0208024, 0.68896, 0.819129, 0.605531, 0.424673, 0.605531, 0.661958, 0.661955, 0.814714, 0.429196, 0.605494, 0.682987, 0.684207
conformer_20, 0.595853, 0.423018, 0.0097342, 0.686258, 0.423025, 0.423022, 0.422999, 0.684183, 0.804769, 0.684205, 0.814637, 0.658894, 0.684177, 0.815333, 0.595874, 0.422657, 0.815314, 0.646678, 0.684184, 0.684185, 0, 0.814664, 0.684197, 0.579905, 0.81465, 0.81533, 0.669964, 0.814641, 0.686265, 0.422672, 6.39343e-05, 0.59356, 0.669963, 0.669957, 0.804762, 0.661182, 0.00971915, 0.684211, 6.5186e-05, 0.815318, 0.579909, 0.661181, 0.81534, 0.814645, 0.686235, 0.422668, 0.661146, 0.423043, 0.423005, 0.686254, 5.44567e-05, 0.00970407, 0.66116, 0.669956, 0.59355, 0.422671, 0.422998, 0.424008, 0.595869, 7.92526e-05, 0.686245, 0.804768, 0.686229, 0.661161, 0.422667, 0.658879, 0.814668, 0.661161, 0.00972325, 0.669957, 0.422998, 0.814615, 0.593552, 0.0097334, 0.593541, 0.686268, 5.25629e-05, 0.424021, 0.815327, 0.815312, 0.669978, 0.424017, 0.593556, 0.59356, 0.424004, 0.42299, 0.814658, 0.669956, 0.00971714, 0.423007, 0.593559, 0.814648, 0.593549, 0.661175, 0.661189, 0.424002, 0.815325, 0.593555, 0.00775828, 5.31203e-05
conformer_21, 0.660668, 0.691004, 0.818491, 0.420132, 0.690993, 0.691008, 0.69103, 0.424697, 0.0209548, 0.424694, 6.93523e-05, 0.606105, 0.42469, 0.00708217, 0.660677, 0.68626, 0.00707937, 0.606068, 0.424692, 0.424706, 0.814664, 0, 0.42469, 0.666026, 5.34772e-05, 0.00710765, 0.427255, 4.81292e-05, 0.420094, 0.686263, 0.814681, 0.664616, 0.427271, 0.427273, 0.0209475, 0.603242, 0.818488, 0.424693, 0.814698, 0.00708587, 0.666051, 0.603252, 0.00710911, 6.98136e-05, 0.420123, 0.686286, 0.603264, 0.691006, 0.691022, 0.420129, 0.814684, 0.818465, 0.603237, 0.427256, 0.664602, 0.686286, 0.691016, 0.685076, 0.660648, 0.814689, 0.420116, 0.0209428, 0.420089, 0.603243, 0.686272, 0.606098, 5.13749e-05, 0.603242, 0.818505, 0.427277, 0.691038, 7.33629e-05, 0.6646, 0.818478, 0.664615, 0.420101, 0.814656, 0.685104, 0.00708912, 0.00710157, 0.42725, 0.685094, 0.664585, 0.664597, 0.685089, 0.691023, 6.34334e-05, 0.427237, 0.818485, 0.691017, 0.664595, 5.6128e-05, 0.66459, 0.603282, 0.60327, 0.685092, 0.00711074, 0.664566, 0.814101, 0.814668
conformer_22, 0.602739, 0.819127, 0.688993, 0.00710185, 0.819121, 0.819131, 0.819139, 6.16613e-05, 0.431821, 4.78094e-05, 0.424645, 0.665793, 6.50302e-05, 0.429153, 0.602745, 0.815324, 0.42915, 0.667284, 4.32288e-05, 6.10094e-05, 0.684197, 0.42469, 0, 0.605451, 0.424652, 0.429182, 0.0208088, 0.424676, 0.0071419, 0.815336, 0.684231, 0.605511, 0.0207854, 0.0208153, 0.431802, 0.661946, 0.688982, 5.70907e-05, 0.684235, 0.429161, 0.605473, 0.661949, 0.429185, 0.424662, 0.00709697, 0.815352, 0.661968, 0.81914, 0.819135, 0.00709657, 0.684227, 0.688949, 0.661929, 0.0208017, 0.605495, 0.815356, 0.819124, 0.814708, 0.602725, 0.684236, 0.00711612, 0.431806, 0.00713746, 0.661942, 0.81534, 0.665793, 0.424661, 0.661949, 0.688988, 0.0208108, 0.819142, 0.42464, 0.605489, 0.688987, 0.605516, 0.00712148, 0.684207, 0.814738, 0.429155, 0.429162, 0.0207769, 0.814728, 0.605478, 0.605496, 0.814718, 0.819129, 0.424654, 0.0208184, 0.688973, 0.819132, 0.605501, 0.424657, 0.605502, 0.661965, 0.661961, 0.814717, 0.42918, 0.605465, 0.683, 0.68422
conformer_23, 0.0199458, 0.643622, 0.587233, 0.60607, 0.643607, 0.643602, 0.643618, 0.605453, 0.667873, 0.605456, 0.665997, 0.967107, 0.605448, 0.667275, 0.019977, 0.646672, 0.667271, 0.961721, 0.605459, 0.605479, 0.579905, 0.666026, 0.605451, 0, 0.666009, 0.6673, 0.599639, 0.666, 0.606059, 0.646698, 0.579889, 0.017768, 0.599636, 0.599658, 0.667885, 0.968939, 0.58721, 0.605474, 0.579912, 0.667253, 6.17185e-05, 0.968933, 0.667278, 0.665978, 0.606057, 0.64668, 0.968921, 0.643623, 0.643616, 0.60604, 0.579895, 0.587215, 0.968921, 0.599643, 0.0177562, 0.646703, 0.6436, 0.641945, 0.0199596, 0.579901, 0.606069, 0.667863, 0.606029, 0.968914, 0.646681, 0.967087, 0.666024, 0.968916, 0.587212, 0.599643, 0.643598, 0.665983, 0.0177503, 0.587226, 0.0177432, 0.606062, 0.579898, 0.641942, 0.66728, 0.667274, 0.599663, 0.641944, 0.0177707, 0.0177644, 0.641961, 0.643627, 0.665987, 0.599643, 0.587208, 0.643605, 0.0177406, 0.66601, 0.017771, 0.968957, 0.968954, 0.641948, 0.667284, 0.017759, 0.58305, 0.579901
conformer_24, 0.660651, 0.691014, 0.818478, 0.420094, 0.691003, 0.691018, 0.69104, 0.424659, 0.0209757, 0.424656, 5.12485e-05, 0.606093, 0.424651, 0.00710019, 0.660661, 0.68627, 0.00709724, 0.606057, 0.424654, 0.424668, 0.81465, 5.34772e-05, 0.424652, 0.666009, 0, 0.00712571, 0.427218, 4.1468e-05, 0.420056, 0.686273, 0.814668, 0.664599, 0.427234, 0.427235, 0.0209683, 0.603231, 0.818476, 0.424655, 0.814685, 0.00710381, 0.666034, 0.603241, 0.00712703, 4.60408e-05, 0.420085, 0.686295, 0.603253, 0.691016, 0.691032, 0.420091, 0.814671, 0.818452, 0.603226, 0.427219, 0.664585, 0.686296, 0.691026, 0.685086, 0.660631, 0.814675, 0.420078, 0.0209637, 0.420051, 0.603232, 0.686282, 0.606087, 5.01678e-05, 0.603231, 0.818493, 0.427239, 0.691048, 5.46612e-05, 0.664583, 0.818465, 0.664598, 0.420063, 0.814643, 0.685114, 0.007107, 0.0071196, 0.427212, 0.685103, 0.664568, 0.66458, 0.685099, 0.691033, 4.56712e-05, 0.4272, 0.818472, 0.691027, 0.664578, 4.92158e-05, 0.664573, 0.60327, 0.603259, 0.685102, 0.00712874, 0.664549, 0.814087, 0.814655
conformer_25, 0.66199, 0.688959, 0.819144, 0.424695, 0.688949, 0.688964, 0.688986, 0.429189, 0.0207683, 0.429187, 0.00710681, 0.605471, 0.429182, 5.01319e-05, 0.662, 0.684202, 5.26156e-05, 0.605452, 0.429185, 0.429199, 0.81533, 0.00710765, 0.429182, 0.6673, 0.00712571, 0, 0.431824, 0.00709857, 0.424658, 0.684204, 0.815347, 0.66586, 0.431839, 0.431841, 0.0207673, 0.602705, 0.819142, 0.429186, 0.815364, 6.32807e-05, 0.667325, 0.602716, 6.42742e-05, 0.00710733, 0.424686, 0.684227, 0.602728, 0.688962, 0.688978, 0.424692, 0.81535, 0.819118, 0.602701, 0.431824, 0.665846, 0.684228, 0.688972, 0.682971, 0.66197, 0.815355, 0.424679, 0.0207631, 0.424652, 0.602706, 0.684214, 0.605464, 0.00711543, 0.602705, 0.819159, 0.431845, 0.688994, 0.00710571, 0.665844, 0.819131, 0.665859, 0.424664, 0.815323, 0.682998, 6.00331e-05, 4.14684e-05, 0.431818, 0.682988, 0.665829, 0.665841, 0.682984, 0.688979, 0.00711824, 0.431806, 0.819138, 0.688973, 0.665839, 0.00711055, 0.665834, 0.602745, 0.602734, 0.682987, 2.76156e-05, 0.66581, 0.814735, 0.815334
conformer_26, 0.597408, 0.808456, 0.674744, 0.0209777, 0.808451, 0.80846, 0.808468, 0.0207821, 0.43353, 0.0208039, 0.427211, 0.666962, 0.0207911, 0.431795, 0.597415, 0.804761, 0.431791, 0.667889, 0.0207808, 0.0207929, 0.669964, 0.427255, 0.0208088, 0.599639, 0.427218, 0.431824, 0, 0.427242, 0.0209847, 0.804774, 0.669998, 0.600271, 6.13926e-05, 3.68589e-05, 0.433512, 0.66307, 0.674733, 0.0207978, 0.670003, 0.431802, 0.599661, 0.663073, 0.431827, 0.427228, 0.020967, 0.804788, 0.663091, 0.808469, 0.808463, 0.0209918, 0.669994, 0.6747, 0.663053, 4.02333e-05, 0.600254, 0.804793, 0.808453, 0.804208, 0.597394, 0.670003, 0.0209861, 0.433515, 0.0209685, 0.663066, 0.804777, 0.666962, 0.427228, 0.663072, 0.674738, 5.08462e-05, 0.808471, 0.427206, 0.600248, 0.674738, 0.600275, 0.020996, 0.669974, 0.804238, 0.431797, 0.431803, 6.34357e-05, 0.804227, 0.600238, 0.600255, 0.804218, 0.808457, 0.427221, 5.28131e-05, 0.674724, 0.808461, 0.60026, 0.427224, 0.600261, 0.663089, 0.663086, 0.804216, 0.431821, 0.600225, 0.668882, 0.669987
conformer_27, 0.660643, 0.690988, 0.818468, 0.420118, 0.690978, 0.690993, 0.691015, 0.424683, 0.0209574, 0.42468, 5.62796e-05, 0.606097, 0.424676, 0.0070731, 0.660652, 0.686245, 0.0070701, 0.60606, 0.424678, 0.424692, 0.814641, 4.81292e-05, 0.424676, 0.666, 4.1468e-05, 0.00709857, 0.427242, 0, 0.420081, 0.686248, 0.814658, 0.664591, 0.427257, 0.427259, 0.0209501, 0.603234, 0.818466, 0.424679, 0.814675, 0.0070766, 0.666025, 0.603245, 0.00709983, 4.49714e-05, 0.420109, 0.68627, 0.603257, 0.69099, 0.691007, 0.420115, 0.814661, 0.818443, 0.60323, 0.427242, 0.664577, 0.686271, 0.691001, 0.685061, 0.660623, 0.814666, 0.420102, 0.0209455, 0.420075, 0.603235, 0.686257, 0.60609, 5.76682e-05, 0.603234, 0.818483, 0.427263, 0.691023, 4.75956e-05, 0.664574, 0.818456, 0.66459, 0.420088, 0.814634, 0.685088, 0.00707983, 0.00709247, 0.427236, 0.685078, 0.664559, 0.664571, 0.685074, 0.691008, 5.08064e-05, 0.427224, 0.818463, 0.691002, 0.66457, 5.76239e-05, 0.664564, 0.603274, 0.603263, 0.685076, 0.00710159, 0.66454, 0.814078, 0.814645
conformer_28, 0.603268, 0.818466, 0.691047, 6.20261e-05, 0.818461, 0.818471, 0.818479, 0.00714068, 0.42722, 0.00714698, 0.42005, 0.664565, 0.00714679, 0.424629, 0.603275, 0.814651, 0.424625, 0.666025, 0.00712123, 0.00714886, 0.686265, 0.420094, 0.0071419, 0.606059, 0.420056, 0.424658, 0.0209847, 0.420081, 0, 0.814663, 0.686299, 0.606139, 0.0209677, 0.0209954, 0.427202, 0.660639, 0.691036, 0.00712381, 0.686304, 0.424636, 0.606082, 0.660642, 0.42466, 0.420067, 6.10616e-05, 0.814678, 0.660661, 0.818479, 0.818475, 8.59389e-05, 0.686295, 0.691003, 0.660622, 0.020982, 0.606123, 0.814682, 0.818464, 0.814067, 0.603254, 0.686304, 6.37346e-05, 0.427206, 7.00943e-05, 0.660635, 0.814667, 0.664565, 0.420066, 0.660642, 0.691042, 0.0209928, 0.818482, 0.420046, 0.606117, 0.691041, 0.606143, 6.02969e-05, 0.686275, 0.814098, 0.42463, 0.424638, 0.0209537, 0.814087, 0.606106, 0.606123, 0.814078, 0.818469, 0.420059, 0.0209873, 0.691027, 0.818472, 0.606128, 0.420062, 0.606129, 0.660658, 0.660655, 0.814076, 0.424655, 0.606092, 0.685115, 0.686288
conformer_29, 0.661176, 0.00973623, 0.422995, 0.814675, 0.00974327, 0.00975774, 0.00973719, 0.815327, 0.669978, 0.815347, 0.686261, 0.59353, 0.815319, 0.684228, 0.6612, 6.99556e-05, 0.684207, 0.579878, 0.815326, 0.815333, 0.422672, 0.686263, 0.815336, 0.646698, 0.686273, 0.684204, 0.804774, 0.686248, 0.814663, 0, 0.422647, 0.658913, 0.804781, 0.804775, 0.66998, 0.595839, 0.423009, 0.815349, 0.422675, 0.684207, 0.646692, 0.595834, 0.684215, 0.686264, 0.814648, 6.55738e-05, 0.595806, 0.00974152, 0.00974162, 0.81467, 0.422663, 0.423019, 0.595824, 0.804765, 0.658908, 4.12132e-05, 0.00974587, 0.00778763, 0.661186, 0.422655, 0.814652, 0.669987, 0.814626, 0.595821, 5.02474e-05, 0.59351, 0.686287, 0.59581, 0.423029, 0.804777, 0.0097688, 0.68624, 0.658911, 0.422985, 0.658895, 0.814666, 0.422643, 0.00780691, 0.684218, 0.684197, 0.804781, 0.00780262, 0.658919, 0.658905, 0.00778471, 0.00974843, 0.686284, 0.804757, 0.423013, 0.00976096, 0.658905, 0.686267, 0.658895, 0.595845, 0.595856, 0.00777678, 0.684201, 0.6589, 0.424008, 0.422645
conformer_30, 0.595838, 0.422993, 0.00973909, 0.686291, 0.422999, 0.422997, 0.422974, 0.684216, 0.804786, 0.684239, 0.814654, 0.658911, 0.68421, 0.81535, 0.595859, 0.422633, 0.815331, 0.646694, 0.684218, 0.684218, 6.39343e-05, 0.814681, 0.684231, 0.579889, 0.814668, 0.815347, 0.669998, 0.814658, 0.686299, 0.422647, 0, 0.593544, 0.669997, 0.669991, 0.804779, 0.661199, 0.00972413, 0.684245, 5.84918e-05, 0.815335, 0.579893, 0.661198, 0.815357, 0.814662, 0.686268, 0.422643, 0.661163, 0.423018, 0.42298, 0.686288, 5.49682e-05, 0.00970914, 0.661177, 0.66999, 0.593535, 0.422646, 0.422973, 0.423983, 0.595854, 4.77207e-05, 0.686278, 0.804785, 0.686263, 0.661178, 0.422642, 0.658896, 0.814685, 0.661178, 0.00972817, 0.669991, 0.422972, 0.814633, 0.593536, 0.00973848, 0.593526, 0.686301, 4.89615e-05, 0.423997, 0.815344, 0.815329, 0.670012, 0.423992, 0.593541, 0.593545, 0.423979, 0.422965, 0.814675, 0.66999, 0.0097223, 0.422981, 0.593544, 0.814665, 0.593534, 0.661192, 0.661206, 0.423977, 0.815342, 0.59354, 0.00779576, 5.69712e-05
conformer_31, 0.0105119, 0.655901, 0.600868, 0.606149, 0.655886, 0.655881, 0.655898, 0.605514, 0.666996, 0.605516, 0.664587, 0.972161, 0.605509, 0.665835, 0.0105179, 0.658888, 0.665831, 0.967123, 0.60552, 0.60554, 0.59356, 0.664616, 0.605511, 0.017768, 0.664599, 0.66586, 0.600271, 0.664591, 0.606139, 0.658913, 0.593544, 0, 0.600268, 0.600291, 0.667008, 0.97398, 0.600845, 0.605535, 0.593567, 0.665812, 0.0177676, 0.973974, 0.665837, 0.664568, 0.606137, 0.658896, 0.973963, 0.655902, 0.655895, 0.606119, 0.59355, 0.60085, 0.973963, 0.600275, 4.18814e-05, 0.658918, 0.655879, 0.654091, 0.0105135, 0.593557, 0.606148, 0.666985, 0.606109, 0.973956, 0.658897, 0.972141, 0.664614, 0.973958, 0.600847, 0.600275, 0.655877, 0.664573, 4.66623e-05, 0.600861, 5.19393e-05, 0.606141, 0.593554, 0.654088, 0.665839, 0.665834, 0.600295, 0.65409, 5.91091e-05, 4.96692e-05, 0.654107, 0.655907, 0.664576, 0.600275, 0.600842, 0.655884, 7.08206e-05, 0.6646, 4.6827e-05, 0.973999, 0.973995, 0.654095, 0.665844, 7.01249e-05, 0.596581, 0.593556
conformer_32, 0.597406, 0.808463, 0.674743, 0.0209607, 0.808458, 0.808468, 0.808476, 0.0207586, 0.433546, 0.0207804, 0.427226, 0.66697, 0.0207675, 0.431811, 0.597414, 0.804768, 0.431806, 0.667898, 0.0207574, 0.0207694, 0.669963, 0.427271, 0.0207854, 0.599636, 0.427234, 0.431839, 6.13926e-05, 0.427257, 0.0209677, 0.804781, 0.669997, 0.600268, 0, 6.00834e-05, 0.433528, 0.663078, 0.674732, 0.0207744, 0.670002, 0.431817, 0.599659, 0.663082, 0.431842, 0.427243, 0.02095, 0.804796, 0.663099, 0.808477, 0.808471, 0.0209747, 0.669993, 0.6747, 0.663061, 6.1968e-05, 0.600252, 0.8048, 0.808461, 0.804215, 0.597392, 0.670002, 0.020969, 0.433532, 0.0209514, 0.663074, 0.804785, 0.66697, 0.427244, 0.663081, 0.674738, 4.74002e-05, 0.808478, 0.427222, 0.600246, 0.674737, 0.600272, 0.020979, 0.669973, 0.804245, 0.431812, 0.431819, 5.7012e-05, 0.804235, 0.600235, 0.600253, 0.804225, 0.808465, 0.427236, 7.00264e-05, 0.674724, 0.808468, 0.600258, 0.427239, 0.600259, 0.663097, 0.663095, 0.804223, 0.431837, 0.600222, 0.668881, 0.669986
conformer_33, 0.597429, 0.808457, 0.674737, 0.0209884, 0.808452, 0.808462, 0.80847, 0.0207885, 0.433546, 0.0208104, 0.427228, 0.666955, 0.0207976, 0.431812, 0.597436, 0.804762, 0.431808, 0.667883, 0.0207873, 0.0207994, 0.669957, 0.427273, 0.0208153, 0.599658, 0.427235, 0.431841, 3.68589e-05, 0.427259, 0.0209954, 0.804775, 0.669991, 0.600291, 6.00834e-05, 0, 0.433528, 0.663063, 0.674726, 0.0208043, 0.669996, 0.431819, 0.599681, 0.663067, 0.431844, 0.427245, 0.0209777, 0.804789, 0.663084, 0.80847, 0.808465, 0.0210025, 0.669987, 0.674693, 0.663046, 5.2186e-05, 0.600275, 0.804794, 0.808455, 0.804209, 0.597415, 0.669997, 0.0209968, 0.433532, 0.0209792, 0.663059, 0.804779, 0.666955, 0.427246, 0.663066, 0.674732, 4.57089e-05, 0.808472, 0.427224, 0.600269, 0.674731, 0.600295, 0.0210067, 0.669967, 0.80424, 0.431814, 0.431821, 6.66155e-05, 0.804229, 0.600258, 0.600275, 0.804219, 0.808459, 0.427238, 5.55347e-05, 0.674717, 0.808462, 0.60028, 0.427241, 0.600281, 0.663082, 0.66308, 0.804217, 0.431838, 0.600245, 0.668875, 0.66998
conformer_34, 0.663094, 0.674719, 0.808468, 0.427239, 0.674709, 0.674724, 0.674746, 0.431808, 4.92521e-05, 0.431807, 0.0209632, 0.600223, 0.431801, 0.0207848, 0.663104, 0.669977, 0.0207644, 0.599635, 0.431803, 0.431818, 0.804762, 0.0209475, 0.431802, 0.667885, 0.0209683, 0.0207673, 0.433512, 0.0209501, 0.427202, 0.66998, 0.804779, 0.667008, 0.433528, 0.433528, 0, 0.597368, 0.808466, 0.431805, 0.804797, 0.0207699, 0.66791, 0.597379, 0.0207858, 0.0209717, 0.427229, 0.670003, 0.59739, 0.674721, 0.674738, 0.427237, 0.804782, 0.808443, 0.597364, 0.433512, 0.666994, 0.670004, 0.674733, 0.668862, 0.663074, 0.804787, 0.427223, 5.95965e-05, 0.427195, 0.59737, 0.66999, 0.600216, 0.0209799, 0.597367, 0.808483, 0.433533, 0.674755, 0.0209605, 0.666991, 0.808455, 0.667006, 0.427209, 0.804754, 0.66889, 0.0207872, 0.0207636, 0.433507, 0.66888, 0.666977, 0.666988, 0.668875, 0.674739, 0.0209818, 0.433493, 0.808463, 0.674733, 0.666986, 0.0209755, 0.666981, 0.597408, 0.597398, 0.668877, 0.0207712, 0.666958, 0.804229, 0.804766
conformer_35, 0.975631, 0.603095, 0.658129, 0.660636, 0.603102, 0.603121, 0.603102, 0.661958, 0.597386, 0.661971, 0.603238, 0.010524, 0.661955, 0.602729, 0.97565, 0.595875, 0.602712, 0.0199647, 0.661937, 0.661939, 0.661182, 0.603242, 0.661946, 0.968939, 0.603231, 0.602705, 0.66307, 0.603234, 0.660639, 0.595839, 0.661199, 0.97398, 0.663078, 0.663063, 0.597368, 0, 0.658141, 0.661956, 0.661198, 0.602729, 0.968946, 6.18068e-05, 0.602721, 0.603252, 0.660626, 0.595894, 6.26077e-05, 0.603122, 0.603115, 0.660648, 0.661203, 0.658123, 4.77106e-05, 0.663059, 0.97397, 0.595856, 0.603099, 0.598942, 0.975628, 0.661196, 0.660607, 0.597397, 0.66062, 5.46304e-05, 0.595876, 0.0105323, 0.603246, 4.35472e-05, 0.658153, 0.663083, 0.603127, 0.60322, 0.973972, 0.658125, 0.973972, 0.66064, 0.661187, 0.59898, 0.602708, 0.60271, 0.663054, 0.598972, 0.973965, 0.973974, 0.598945, 0.603099, 0.60327, 0.663058, 0.658141, 0.603111, 0.97398, 0.603232, 0.973952, 6.1682e-05, 6.62732e-05, 0.598967, 0.602712, 0.973945, 0.65644, 0.661179
conformer_36, 0.603084, 0.423341, 5.39694e-05, 0.691028, 0.423347, 0.423345, 0.423322, 0.688968, 0.808473, 0.68899, 0.818462, 0.655905, 0.688961, 0.819145, 0.603105, 0.422995, 0.819126, 0.643624, 0.688969, 0.688969, 0.00971915, 0.818488, 0.688982, 0.58721, 0.818476, 0.819142, 0.674733, 0.818466, 0.691036, 0.423009, 0.00972413, 0.600845, 0.674732, 0.674726, 0.808466, 0.658141, 0, 0.688996, 0.00972385, 0.81913, 0.587214, 0.65814, 0.819152, 0.81847, 0.691005, 0.423005, 0.658105, 0.423366, 0.423328, 0.691025, 0.00972079, 5.78992e-05, 0.658119, 0.674725, 0.600835, 0.423007, 0.42332, 0.42448, 0.6031, 0.00971921, 0.691015, 0.808472, 0.691, 0.65812, 0.423004, 0.65589, 0.818493, 0.65812, 3.05567e-05, 0.674725, 0.42332, 0.818441, 0.600837, 4.86657e-05, 0.600826, 0.691039, 0.009728, 0.424494, 0.819139, 0.819124, 0.674746, 0.42449, 0.600841, 0.600845, 0.424476, 0.423312, 0.818483, 0.674725, 4.54722e-05, 0.423329, 0.600845, 0.818473, 0.600834, 0.658133, 0.658148, 0.424475, 0.819137, 0.60084, 0.0114066, 0.00972267
conformer_37, 0.602762, 0.819139, 0.689006, 0.00708388, 0.819134, 0.819144, 0.819152, 4.25996e-05, 0.431823, 5.2303e-05, 0.424648, 0.665804, 5.83741e-05, 0.429157, 0.602769, 0.815337, 0.429153, 0.667295, 4.42009e-05, 5.21182e-05, 0.684211, 0.424693, 5.70907e-05, 0.605474, 0.424655, 0.429186, 0.0207978, 0.424679, 0.00712381, 0.815349, 0.684245, 0.605535, 0.0207744, 0.0208043, 0.431805, 0.661956, 0.688996, 0, 0.684249, 0.429164, 0.605496, 0.661959, 0.429188, 0.424665, 0.00707881, 0.815364, 0.661978, 0.819153, 0.819148, 0.00707855, 0.684241, 0.688963, 0.661939, 0.0207907, 0.605519, 0.815368, 0.819137, 0.814721, 0.602748, 0.68425, 0.00709814, 0.431809, 0.0071196, 0.661952, 0.815353, 0.665804, 0.424665, 0.661959, 0.689001, 0.0207997, 0.819155, 0.424644, 0.605513, 0.689001, 0.60554, 0.00710353, 0.684221, 0.814751, 0.429158, 0.429166, 0.0207658, 0.814741, 0.605502, 0.605519, 0.814732, 0.819142, 0.424657, 0.0208074, 0.688987, 0.819144, 0.605525, 0.42466, 0.605525, 0.661975, 0.661972, 0.81473, 0.429183, 0.605489, 0.683014, 0.684234
